1 0.119531 0.593750 0.110937 0.158333
1 0.343750 0.587500 0.112500 0.133333
1 0.406250 0.583333 0.100000 0.170833
1 0.439844 0.578125 0.089063 0.164583
1 0.571094 0.568750 0.089063 0.145833
1 0.650000 0.567708 0.093750 0.135417
1 0.732812 0.566667 0.103125 0.133333
1 0.774219 0.569792 0.098437 0.127083
1 0.806250 0.565625 0.090625 0.118750
0 0.921094 0.513542 0.032813 0.127083
0 0.948438 0.507292 0.021875 0.118750
0 0.964844 0.527083 0.029687 0.125000
0 0.987500 0.512500 0.025000 0.129167
0 0.183594 0.568750 0.070312 0.333333
0 0.245312 0.584375 0.071875 0.322917
0 0.275781 0.556250 0.101562 0.362500
