0 0.834375 0.507292 0.068750 0.218750
0 0.235937 0.479167 0.021875 0.070833
0 0.283594 0.478125 0.020313 0.072917
0 0.298438 0.489583 0.018750 0.079167
0 0.466406 0.493750 0.026562 0.100000
0 0.526563 0.494792 0.034375 0.110417
0 0.550000 0.487500 0.025000 0.087500
0 0.591406 0.489583 0.020313 0.091667
0 0.620313 0.497917 0.028125 0.095833
0 0.660937 0.489583 0.021875 0.095833
0 0.678906 0.491667 0.026562 0.091667
1 0.569531 0.507292 0.020313 0.060417
1 0.467969 0.511458 0.023438 0.047917
2 0.364063 0.484375 0.128125 0.143750
2 0.422656 0.486458 0.042188 0.085417
2 0.448437 0.467708 0.034375 0.077083
2 0.693750 0.439583 0.112500 0.137500
2 0.729688 0.478125 0.109375 0.127083
2 0.499219 0.467708 0.035937 0.089583
