0 0.663281 0.506250 0.073438 0.308333
0 0.825781 0.525000 0.029687 0.095833
0 0.774219 0.533333 0.029687 0.108333
0 0.889062 0.521875 0.059375 0.135417
0 0.038281 0.503125 0.070312 0.464583
0 0.141406 0.495833 0.035937 0.133333
0 0.233594 0.493750 0.039062 0.145833
0 0.302344 0.501042 0.026562 0.089583
0 0.334375 0.505208 0.025000 0.085417
0 0.351562 0.510417 0.021875 0.083333
0 0.503906 0.508333 0.017188 0.083333
0 0.434375 0.502083 0.021875 0.050000
1 0.660156 0.586458 0.148438 0.189583
1 0.903906 0.573958 0.145313 0.110417
