2 0.210938 0.458333 0.406250 0.416667
2 0.735156 0.340625 0.160938 0.152083
2 0.829688 0.337500 0.084375 0.083333
2 0.903906 0.328125 0.067187 0.089583
2 0.948438 0.406250 0.103125 0.158333
0 0.870313 0.367708 0.037500 0.131250
1 0.757031 0.452083 0.151562 0.145833
1 0.696875 0.436458 0.134375 0.106250
1 0.647656 0.417708 0.139063 0.097917
1 0.575781 0.383333 0.135937 0.095833
1 0.460156 0.357292 0.064062 0.068750
0 0.485938 0.317708 0.028125 0.081250
0 0.369531 0.313542 0.020313 0.068750
1 0.307031 0.373958 0.098437 0.118750
