0 0.103906 0.516667 0.089063 0.354167
0 0.207031 0.501042 0.079687 0.347917
0 0.317969 0.506250 0.095312 0.337500
0 0.375000 0.481250 0.025000 0.112500
0 0.702344 0.469792 0.023438 0.077083
1 0.403906 0.506250 0.032813 0.087500
1 0.445312 0.500000 0.040625 0.087500
1 0.352344 0.505208 0.032813 0.072917
1 0.495312 0.508333 0.034375 0.075000
1 0.528906 0.494792 0.032813 0.081250
1 0.606250 0.497917 0.034375 0.087500
1 0.650781 0.502083 0.035937 0.091667
1 0.739062 0.501042 0.046875 0.089583
1 0.766406 0.491667 0.045312 0.091667
1 0.704688 0.507292 0.028125 0.072917
