1 0.536719 0.542708 0.192188 0.164583
1 0.428125 0.519792 0.040625 0.156250
1 0.389844 0.517708 0.057813 0.185417
1 0.339844 0.512500 0.064062 0.191667
1 0.295312 0.521875 0.046875 0.172917
1 0.253125 0.503125 0.053125 0.181250
1 0.210938 0.506250 0.050000 0.195833
1 0.182031 0.500000 0.042188 0.166667
1 0.150000 0.515625 0.046875 0.181250
1 0.120313 0.505208 0.059375 0.164583
1 0.071875 0.498958 0.065625 0.189583
1 0.029687 0.489583 0.053125 0.162500
0 0.721094 0.465625 0.073438 0.252083
0 0.786719 0.390625 0.067187 0.243750
