0  0.4371986040609137  0.5456852791878172  0.028553299492385786  0.10152284263959395  
0  0.46971763959390866  0.5456852791878172  0.03331218274111673  0.10363790186125209  
0  0.4903394670050762  0.5456852791878172  0.017449238578680148  0.05922165820642977  
0  0.5117544416243656  0.54251269035533  0.01586294416243659  0.059221658206429835  
0  0.5268242385786802  0.5419839255499154  0.01586294416243659  0.05393401015228427  
0  0.5898794416243656  0.5414551607445008  0.030932741116751306  0.04653130287648057  
0  0.7013166243654823  0.5372250423011844  0.02696700507614196  0.09729272419627742  
0  0.7853902284263958  0.5467428087986463  0.026967005076142136  0.09517766497461935  
0  0.8472557106598984  0.5345812182741116  0.026967005076142136  0.07719966159052453  
0  0.2436706852791878  0.5525592216582065  0.023794416243654793  0.047588832487309676  
0  0.6342956852791878  0.54251269035533  0.01824238578680202  0.04864636209813877  
2  0.2020304568527919  0.5335236886632827  0.040450507614213205  0.028553299492385817  