0  0.23137690355329948  0.4790609137055838  0.03886421319796955  0.14593908629441626  
1  0.23058375634517767  0.5509729272419628  0.0467956852791878  0.11632825719120135  
0  0.2698445431472081  0.5107868020304569  0.034898477157360386  0.13536379018612527  
0  0.5882931472081218  0.5314086294416244  0.0436230964467005  0.21256345177664968  
0  0.6283470812182741  0.5366962774957699  0.030139593908629435  0.11527072758037231  
0  0.8405139593908629  0.5435702199661592  0.048381979695431454  0.19458544839255498  
0  0.8837404822335024  0.5366962774957699  0.025380710659898574  0.13430626057529615  
2  0.6787119289340101  0.5250634517766497  0.0785215736040608  0.11950084602368864  
0  0.31664022842639594  0.512901861252115  0.020621827411167536  0.122673434856176  
0  0.3352791878172589  0.5203045685279188  0.016656091370558367  0.10998307952622668  
0  0.35352157360406095  0.5187182741116751  0.023001269035532967  0.12584602368866324  