2  0.4562341370558376  0.4980964467005077  0.12373096446700504  0.15228426395939093  
2  0.5089784263959392  0.4780033840947547  0.053140862944162495  0.08248730964467009  
2  0.5399111675126903  0.48064720812182743  0.06424492385786804  0.09200507614213199  
2  0.638261421319797  0.47906091370558374  0.11024746192893398  0.0803722504230119  
0  0.3233819796954315  0.491751269035533  0.021414974619289318  0.06768189509306263  
0  0.3812817258883249  0.4875211505922165  0.021414974619289318  0.09940778341793569  
0  0.6370717005076143  0.4906937394247039  0.028553299492385786  0.1311336717428088  
0  0.6664181472081218  0.48699238578680204  0.03172588832487309  0.1364213197969543  
1  0.6914022842639593  0.5060279187817259  0.021414974619289318  0.08142978003384092  
0  0.7814244923857869  0.45209390862944165  0.08407360406091371  0.2739001692047377  
1  0.7834073604060914  0.553087986463621  0.07693527918781733  0.23054145516074456  