0  0.36978109137055837  0.4711294416243655  0.026967005076142136  0.14699661590524535  
0  0.408248730964467  0.4727157360406091  0.029346446700507657  0.09940778341793574  
0  0.715989847715736  0.48804991539763115  0.029346446700507657  0.09200507614213205  
0  0.7461294416243656  0.49756768189509304  0.01824238578680202  0.08777495769881553  
0  0.7608026649746193  0.4922800338409476  0.025380710659898397  0.07719966159052453  
0  0.8131503807106599  0.49122250423011843  0.034898477157360476  0.11527072758037224  
1  0.8040291878172589  0.5134306260575295  0.029346446700507657  0.09200507614213192  
0  0.8928616751269036  0.49439509306260576  0.037277918781726  0.12161590524534685  
0  0.9741592639593909  0.4880499153976311  0.034898477157360476  0.20621827411167512  
2  0.5652918781725889  0.4885786802030457  0.12452411167512692  0.17343485617597293  
0  0.48677030456852793  0.49333756345177665  0.026173857868020355  0.09835025380710659  
2  0.6259676395939087  0.4801184433164129  0.06345177664974617  0.09729272419627749  
2  0.7385945431472082  0.4552664974619289  0.06186548223350261  0.06662436548223354  
2  0.8980171319796956  0.4346446700507614  0.11104060913705585  0.15439932318104907  
2  0.9561587880710661  0.477035744500846  0.08455742385786795  0.13342851099830794  