0  0.23335977157360405  0.48117597292724196  0.02062182741116749  0.0909475465313029  
0  0.28174175126903556  0.4843485617597293  0.015862944162436544  0.08883248730964469  
0  0.30196700507614216  0.4922800338409476  0.016656091370558457  0.0962351945854484  
2  0.3638324873096447  0.4891074450084602  0.12293781725888327  0.14911167512690351  
2  0.4157836294416244  0.47906091370558374  0.058692893401015224  0.09940778341793569  
2  0.45663071065989846  0.4785321489001692  0.048381979695431454  0.07508460236886633  
2  0.49906408629441623  0.46901438240270726  0.042829949238578635  0.09835025380710659  
2  0.7144035532994923  0.4499788494077835  0.11817893401015231  0.14276649746192896  
0  0.4665450507614214  0.496510152284264  0.019035532994923887  0.09412013536379013  
0  0.5288071065989848  0.491751269035533  0.01824238578680202  0.09729272419627755  
0  0.555377538071066  0.4943950930626057  0.020621827411167536  0.10258037225042299  
0  0.5871034263959392  0.48117597292724196  0.020621827411167536  0.1015228426395939  
0  0.6176395939086294  0.4901649746192894  0.023001269035532967  0.11315566835871405  
0  0.6727633248730964  0.4843485617597293  0.03172588832487318  0.10786802030456855  
0  0.8369447969543147  0.5123730964467005  0.05234771573604071  0.21467851099830793  