2  0.058074238578680215  0.4996827411167513  0.09359137055837566  0.7011421319796954  
2  0.13064720812182742  0.517660744500846  0.11183375634517764  0.27390016920473775  
2  0.17189086294416245  0.4822335025380711  0.11976522842639596  0.17554991539763118  
2  0.2424809644670051  0.4573815566835871  0.09755710659898478  0.2189086294416244  
2  0.6953680203045686  0.4483925549915398  0.24032360406091371  0.2791878172588833  
2  0.8907241434010154  0.4858714043993232  0.21542671319796955  0.2949238578680203  
0  0.31822652284263964  0.4970389170896785  0.017449238578680238  0.061336717428087974  
0  0.33567576142131983  0.5028553299492385  0.01586294416243659  0.06239424703891713  
0  0.3733502538071066  0.4970389170896785  0.037277918781725906  0.122673434856176  
0  0.6204156091370558  0.5187182741116751  0.038071065989847774  0.22102368866328254  
0  0.6632455583756345  0.4928087986463621  0.03172588832487309  0.17343485617597285  
0  0.7171795685279189  0.5065566835871405  0.038071065989847774  0.19881556683587143  