2  0.21868654822335026  0.48804991539763115  0.1784581218274112  0.2696700507614213  
2  0.3146573604060914  0.4801184433164129  0.08010786802030453  0.13324873096446702  
2  0.41697335025380705  0.4896362098138748  0.0658312182741116  0.059221658206429835  
2  0.4832011421319796  0.48170473773265654  0.07138324873096442  0.05393401015228427  
2  0.6331059644670051  0.46901438240270726  0.15545685279187813  0.17237732656514382  
2  0.7310596446700508  0.5007402707275804  0.14831852791878183  0.163917089678511  
0  0.5978109137055838  0.5150169204737732  0.030932741116751216  0.12055837563451774  
0  0.4709073604060913  0.5044416243654822  0.021414974619289408  0.06556683587140437  
0  0.4149904822335026  0.508142978003384  0.019035532994923887  0.058164128595600675  
0  0.43838832487309637  0.5102580372250424  0.013483502538071068  0.05816412859560061  
0  0.3927823604060914  0.507085448392555  0.019035532994923887  0.07085448392554992  