2  0.07750634517766497  0.38705583756345174  0.1530774111675127  0.5964467005076143  
2  0.14254441624365483  0.4499788494077834  0.09914340101522842  0.174492385786802  
2  0.20361675126903553  0.4346446700507614  0.10072969543147207  0.21996615905245348  
2  0.6275539340101524  0.42142554991539766  0.23001269035533004  0.2887055837563453  
2  0.8163229695431475  0.46266920473773265  0.2950507614213202  0.25697969543147203  
0  0.42054251269035536  0.4758883248730965  0.03648477157360404  0.1692047377326565  
0  0.22622144670050762  0.4727157360406091  0.030139593908629435  0.122673434856176  
0  0.29324238578680206  0.4774746192893401  0.06424492385786804  0.05393401015228427  
0  0.5502220812182742  0.4854060913705584  0.030932741116751306  0.1818950930626058  
0  0.5986040609137057  0.4848773265651438  0.030932741116751306  0.1660321489001693  
0  0.6446065989847716  0.4875211505922165  0.045209390862944156  0.18401015228426393  