2  0.09416243654822334  0.5007402707275804  0.1832170050761421  0.3288917089678511  
2  0.2202728426395939  0.4875211505922165  0.19114847715736039  0.2559221658206429  
2  0.3420209390862944  0.4780033840947547  0.215736040609137  0.25380710659898476  
2  0.4558375634517766  0.5012690355329948  0.07852157360406098  0.1184433164128596  
2  0.4851840101522843  0.49333756345177665  0.07534898477157359  0.1131556683587141  
2  0.6108978426395939  0.4975676818950931  0.03331218274111673  0.043358714043993274  
2  0.6358819796954315  0.4933375634517766  0.023001269035532967  0.039128595600676816  
0  0.6561072335025381  0.4949238578680203  0.019035532994923887  0.044416243654822316  
0  0.6751427664974619  0.49439509306260576  0.01427664974619285  0.037013536379018615  
0  0.6874365482233503  0.48381979695431476  0.015069796954314717  0.04124365482233502  
0  0.7009200507614214  0.48540609137055835  0.023001269035533057  0.050761421319796975  