0  0.44631979695431473  0.5292935702199661  0.056313451776649794  0.22313874788494079  
1  0.4280774111675127  0.5779399323181048  0.09597081218274113  0.15968697123519457  
0  0.6172430203045686  0.5002115059221659  0.058692893401015224  0.17766497461928932  
1  0.6192258883248731  0.568422165820643  0.0467956852791878  0.14488155668358715  
0  0.7310596446700508  0.5092005076142132  0.024587563451776616  0.08777495769881553  
0  0.781027918781726  0.5049703891708968  0.030932741116751393  0.11527072758037224  
0  0.8107709390862944  0.5002115059221659  0.0285532994923857  0.14382402707275807  
0  0.5018401015228426  0.5356387478849408  0.023001269035533057  0.09412013536379019  
0  0.541894035532995  0.5356387478849408  0.012690355329949199  0.045473773265651475  
2  0.5807582487309645  0.5287648054145516  0.05234771573604062  0.059221658206429835  
0  0.6842639593908629  0.5208333333333334  0.05789974619289344  0.03701353637901856  