2  0.1453204314720812  0.5726522842639594  0.276015228426396  0.2950507614213198  
2  0.33726205583756347  0.5361675126903553  0.22049492385786804  0.21996615905245348  
2  0.7381979695431473  0.5351099830795262  0.057899746192893356  0.05499153976311337  
0  0.5315831218274112  0.5393401015228426  0.042829949238578635  0.08671742808798649  
0  0.5696541878172589  0.5509729272419628  0.04124365482233507  0.16285956006768193  
0  0.6854536802030458  0.5446277495769881  0.025380710659898487  0.09940778341793574  
0  0.8888959390862944  0.5351099830795263  0.032519035532994955  0.10575296108291035  
0  0.8468591370558375  0.5192470389170897  0.01665609137055828  0.06133671742808803  
0  0.8718432741116751  0.5388113367174281  0.020621827411167536  0.06027918781725887  
0  0.8052189086294416  0.5208333333333334  0.0285532994923857  0.06027918781725887  
0  0.7790450507614214  0.5303510998307952  0.019035532994923797  0.06239424703891707  