0  0.09376586294416243  0.4970389170896785  0.12055837563451777  0.4885786802030457  
0  0.45266497461928934  0.47958967851099826  0.1816307106598985  0.5044416243654822  
0  0.8087880710659899  0.5044416243654822  0.030932741116751216  0.10363790186125214  
0  0.8496351522842641  0.49439509306260576  0.04441624365482237  0.12161590524534685  
0  0.8837404822335024  0.4954526226734348  0.03965736040609134  0.15122673434856176  
0  0.564498730964467  0.5351099830795262  0.035691624365482254  0.0909475465313029  
0  0.5958280456852793  0.5292935702199661  0.026967005076142136  0.06027918781725887  
0  0.7552506345177665  0.5160744500846024  0.06186548223350243  0.05922165820642971  
2  0.6624524111675127  0.5086717428087987  0.09200507614213196  0.07402707275803717  
1  0.4399746192893401  0.6387478849407784  0.18638959390862944  0.39128595600676824  
1  0.07710977157360407  0.662542301184433  0.13800761421319802  0.4071489001692047  