2  0.3602633248730964  0.5224196277495771  0.13324873096446704  0.14805414551607446  
0  0.02039974619289341  0.5107868020304569  0.037277918781725886  0.2686125211505922  
0  0.1849777918781726  0.5092005076142132  0.04441624365482233  0.24640439932318112  
0  0.45425126903553303  0.5250634517766497  0.02617385786802027  0.1321912013536379  
0  0.4748730964467005  0.5203045685279188  0.026173857868020355  0.1417089678510998  
0  0.5117544416243656  0.5229483925549915  0.034898477157360386  0.14699661590524535  
0  0.5438769035532995  0.5224196277495771  0.032519035532994955  0.1290186125211506  
0  0.5759993654822335  0.5208333333333334  0.03648477157360412  0.11104060913705585  
0  0.7148001269035533  0.5456852791878172  0.038071065989847774  0.1311336717428088  
0  0.7552506345177665  0.54251269035533  0.028553299492385876  0.15228426395939085  
0  0.8944479695431472  0.5208333333333334  0.07693527918781733  0.2717851099830796  