1  0.669590736040609  0.6006768189509306  0.14276649746192893  0.1903553299492385  
1  0.9015862944162436  0.5826988155668359  0.1467322335025381  0.11209813874788495  
0  0.821875  0.5366962774957699  0.04124365482233507  0.10469543147208119  
0  0.7691307106598985  0.5292935702199661  0.03410532994923852  0.1173857868020305  
0  0.504616116751269  0.5171319796954315  0.03648477157360404  0.08671742808798649  
0  0.30474302030456857  0.5144881556683587  0.020621827411167536  0.10892554991539764  
0  0.3297271573604061  0.5150169204737732  0.029346446700507567  0.11209813874788495  
0  0.23613578680203046  0.5002115059221659  0.032519035532994914  0.1290186125211506  
0  0.136992385786802  0.49598138747884946  0.0436230964467005  0.1417089678510998  
0  0.04815989847715735  0.5345812182741116  0.08010786802030456  0.49598138747884946  
0  0.669590736040609  0.4980964467005076  0.09517766497461926  0.3109137055837563  