0  0.07948921319796956  0.5049703891708968  0.050761421319796975  0.24005922165820645  
0  0.27658629441624366  0.5123730964467005  0.029346446700507612  0.14699661590524543  
0  0.3023635786802031  0.5155456852791878  0.022208121827411186  0.08354483925549913  
0  0.35828045685279186  0.5160744500846024  0.053140862944162405  0.04653130287648052  
0  0.4193527918781726  0.5150169204737732  0.023001269035532967  0.07614213197969542  
0  0.4717005076142132  0.5240059221658206  0.021414974619289318  0.07296954314720813  
0  0.5097715736040609  0.5160744500846024  0.021414974619289318  0.05922165820642971  
0  0.7088515228426395  0.46266920473773265  0.1308692893401015  0.4050338409475465  
0  0.7996668781725889  0.4446912013536379  0.13166243654822338  0.28870558375634514  
1  0.7318527918781725  0.6064932318104908  0.3069479695431472  0.19352791878172587  
1  0.8214784263959392  0.5721235194585449  0.31012055837563457  0.25592216582064303  