0  0.3824782754010695  0.5553698752228163  0.06517379679144382  0.23952762923351165  
0  0.5345504679144384  0.5358734402852049  0.048462566844919765  0.16711229946524064  
0  0.7555564839572192  0.5570409982174688  0.04762700534759361  0.2361853832442068  
0  0.7981701203208555  0.5503565062388592  0.03592914438502674  0.2450980392156863  
2  0.8867396390374331  0.5676247771836007  0.21139705882352935  0.19050802139037437  
2  0.7430230614973261  0.5681818181818182  0.13452540106951866  0.16265597147950087  
2  0.3475  0.4983333333333333  0.09  0.09666666666666662  
2  0.31937499999999996  0.5229166666666667  0.053750000000000006  0.07750000000000004  
1  0.535625  0.5904166666666666  0.03499999999999996  0.09416666666666665  
2  0.515625  0.53125  0.05875000000000004  0.05916666666666662  
2  0.43718749999999995  0.5445833333333333  0.048125000000000015  0.045833333333333275  