0  0.10047627005347592  0.49075311942959005  0.044284759358288774  0.11252228163992874  
0  0.19234735973597358  0.47476622662266227  0.03506600660066006  0.10519801980198018  
0  0.3813828558225508  0.458641404805915  0.021083641404805897  0.07239679605668516  
0  0.40549907578558225  0.443237831176833  0.03003696857670981  0.09396179913739987  
0  0.5535177911275415  0.42513863216266173  0.01992837338262481  0.07701786814540974  
0  0.5808109981515711  0.4330329636475662  0.02368299445471349  0.07971349353049911  
0  0.7734519408502771  0.4850200246457178  0.0571857670979667  0.22296672828096115  
0  0.6973486598890942  0.4621072088724584  0.037835027726432456  0.11090573012939  
0  0.6303431146025877  0.4209026494146642  0.023394177449168208  0.06315465187923598  
0  0.6049272181146026  0.41377849661121385  0.017617837338262454  0.04967652495378925  
1  0.9346978509463723  0.539304022082019  0.12747929810725545  0.22555862250262879  
1  0.8477909482758621  0.490301724137931  0.13523706896551718  0.1400862068965517  
1  0.7640086206896551  0.43893678160919536  0.12068965517241378  0.09339080459770113  