0  0.6293866978609625  0.5252896613190731  0.10778743315508015  0.41555258467023176  
0  0.7072619653767821  0.5252885268160218  0.018775458248472533  0.06704005431093012  
0  0.7301743890020367  0.5255006788866259  0.023867107942973486  0.06831296673455535  
0  0.7615198574338086  0.5168024439918534  0.017820773930753563  0.029701289884589303  
0  0.7844322810590632  0.5297437202987101  0.02545824847250504  0.09631704005431091  
0  0.800502800407332  0.5301680244399185  0.015593177189409424  0.06491853360488804  
2  0.0939164201183432  0.48823964497041417  0.1812130177514793  0.9590729783037476  
2  0.22797707100591716  0.48022682445759374  0.2699704142011834  0.4622781065088758  
2  0.3389238165680474  0.5110453648915187  0.17381656804733722  0.21326429980276132  
2  0.5543454142011834  0.5270710059171598  0.09615384615384617  0.10724852071005925  
2  0.3319896449704142  0.44940828402366867  0.15625  0.17381656804733733  