1  0.10590741978609626  0.5269607843137254  0.050133689839572185  0.08244206773618537  
1  0.1905424917491749  0.5235836083608361  0.0871493399339934  0.08594609460946098  
1  0.2511344884488449  0.5253025302530252  0.022689768976897673  0.07838283828382835  
1  0.29677186468646866  0.5263338833883389  0.0376443894389439  0.08044554455445549  
1  0.3942347359735973  0.5187706270627062  0.0355816831683168  0.08457095709570948  
1  0.501753300330033  0.5304592959295928  0.033003300330033  0.08594609460946093  
1  0.5324360561056105  0.5246149614961496  0.030424917491749248  0.08525852585258521  
1  0.5659550330033003  0.530459295929593  0.04898927392739276  0.08869636963696373  
1  0.6461427392739274  0.5235836083608361  0.03919141914191417  0.09419691969196915  
1  0.703125  0.5198019801980197  0.042801155115511504  0.09763476347634767  
1  0.7585602310231023  0.5311468646864685  0.05053630363036303  0.09419691969196926  
1  0.8127062706270627  0.5253025302530252  0.03403465346534658  0.08525852585258527  
1  0.8642739273927391  0.5208333333333334  0.04847359735973598  0.12582508250825086  
1  0.9155837458745875  0.5242711771177118  0.031456270627062646  0.10107260726072613  