0  0.517223597359736  0.5091446644664466  0.042285478547854805  0.13270077007700762  
0  0.5891604785478547  0.5077695269526952  0.03867574257425739  0.1285753575357536  
0  0.7207866598778004  0.5335624575695859  0.027367617107942978  0.06661575016972167  
0  0.746722250509165  0.5049219280380176  0.0073192464358451835  0.030549898167006085  
0  0.6806899185336048  0.5297437202987101  0.012092668024439934  0.04115750169721656  
0  0.797479633401222  0.5303801765105227  0.017184317718940977  0.06279701289884584  
0  0.8132319246435845  0.5288951120162932  0.016229633401221834  0.05728105906313648  
0  0.8544424643584521  0.5276221995926681  0.026094704684317627  0.09207399864222676  
0  0.8751272912423624  0.4724626612355736  0.012729124236252432  0.03352002715546506  
2  0.8299389002036659  0.5085285132382892  0.08146639511201617  0.06237270875763746  
2  0.9139511201629329  0.5284708078750848  0.052189409368635434  0.0708587915818058  
2  0.9585030549898168  0.5223183978275627  0.07764765784114065  0.12304820095044124  