0  0.03404913101604277  0.5258467023172905  0.06684491978609626  0.4300356506238858  
0  0.18946356951871657  0.5141488413547237  0.12199197860962566  0.38658645276292336  
0  0.4364708083832335  0.48839820359281444  0.04771706586826348  0.154690618762475  
0  0.5493827160493827  0.46502057613168724  0.028549382716049364  0.08436213991769552  
0  0.7146990740740741  0.4796810699588478  0.04282407407407414  0.12705761316872433  
0  0.6256492382271468  0.45028277931671284  0.01731301939058172  0.05569021237303785  
0  0.611474203601108  0.4274873037857802  0.016230955678670344  0.05338180978762696  
2  0.5216629155124654  0.44508887349953835  0.04566308864265931  0.06203831948291783  
2  0.6040079639889198  0.4127712373037858  0.03938711911357338  0.03722299168975069  
2  0.7843636775362318  0.4913949275362318  0.09227807971014493  0.10265700483091784  
2  0.8927410313901346  0.4839312406576981  0.1660594170403588  0.14573991031390138  