2  0.3051697530864198  0.503343621399177  0.07175925925925926  0.09104938271604943  
0  0.3487654320987654  0.5192901234567902  0.02777777777777781  0.12191358024691361  
0  0.3738425925925926  0.5131172839506173  0.025462962962962975  0.06327160493827157  
0  0.38888888888888895  0.48302469135802467  0.02006172839506175  0.049382716049382755  
0  0.2619598765432099  0.5115740740740741  0.029320987654320962  0.08693415637860079  
0  0.10127314814814817  0.49356995884773663  0.031250000000000014  0.08590534979423872  
0  0.13599537037037038  0.4992283950617284  0.030478395061728402  0.09619341563786007  
0  0.7480707159624413  0.4866001564945227  0.1137030516431925  0.4137323943661972  
0  0.8948008040935672  0.4704800194931774  0.035635964912280646  0.07431773879142305  
2  0.9537372076023392  0.5850024366471734  0.08589181286549703  0.3009259259259259  
1  0.17640128968253968  0.509672619047619  0.040302579365079375  0.04877645502645501  