0  0.34989137700534756  0.5119206773618539  0.0685160427807486  0.2907754010695187  
0  0.5669863861386139  0.5036441144114411  0.029393564356435586  0.11757425742574258  
2  0.7451526402640264  0.5112073707370737  0.12479372937293727  0.16020352035203517  
0  0.8237933168316831  0.45929592959295923  0.02423679867986799  0.09488448844884487  
1  0.5907751848428835  0.5254544054220579  0.047654805914972266  0.051216882316697486  
1  0.5376328558225507  0.514864448552064  0.028592883548983306  0.053912507701786856  
1  0.486945471349353  0.5088955637707948  0.06296210720887245  0.06508009858287125  
1  0.27823464912280704  0.48720760233918126  0.04879385964912282  0.0592105263157895  
1  0.013980263157894737  0.464546783625731  0.022478070175438597  0.041666666666666664  
1  0.05537280701754386  0.46454678362573093  0.03947368421052632  0.044590643274853826  
1  0.42140151515151514  0.5059789067142009  0.07185828877005349  0.06201723113487822  