2  0.15311664438502673  0.5659536541889483  0.29829545454545453  0.3654188948306595  
2  0.25743392070484583  0.5033957415565345  0.17208149779735685  0.23219530102790015  
2  0.3242015418502203  0.47632158590308377  0.10737885462555066  0.1615271659324523  
2  0.37939745508982037  0.46438373253493015  0.07672155688622753  0.11539421157684633  
2  0.5038580246913581  0.44187242798353915  0.047839506172839476  0.04218106995884773  
2  0.5383873456790124  0.4503600823045268  0.04976851851851851  0.04475308641975311  
0  0.4300485212569316  0.46249229821318544  0.032347504621072075  0.07778804682686384  
0  0.46239602587800366  0.46326247689463956  0.027148798521256977  0.08163894023413434  
0  0.4892560073937153  0.46518792359827477  0.017906654343807827  0.06623536660505233  
0  0.542831561922366  0.46961645101663585  0.01992837338262481  0.08279420825631548  
0  0.563481977818854  0.46499537892791126  0.02657116451016641  0.09203635243376465  
0  0.1145649293286219  0.3909010600706714  0.08557862190812719  0.05153121319199059  