2  0.07582720588235292  0.5308600713012477  0.14705882352941174  0.5358734402852049  
2  0.15813001336898394  0.46624331550802134  0.21473930481283424  0.3397950089126559  
2  0.27385528074866305  0.42000891265597146  0.152072192513369  0.19607843137254904  
2  0.35242290748898675  0.39922907488986786  0.1087555066079295  0.13950073421439063  
2  0.5184375  0.385  0.12562499999999996  0.1716666666666667  
0  0.4116766467065869  0.3970184630738523  0.02245508982035931  0.09543413173652696  
0  0.6093282185628743  0.40512724550898205  0.030407934131736526  0.10915668662674652  
0  0.6373970808383234  0.40013722554890224  0.02760104790419158  0.12163173652694616  
0  0.6837107035928144  0.39140469061876254  0.04069985029940115  0.1378493013972056  
0  0.7134169161676647  0.3910928143712575  0.04210329341317367  0.11477045908183629  
1  0.7148203592814372  0.4269585828343313  0.05800898203592819  0.10416666666666673  