0 0.624219 0.522917 0.029687 0.104167
0 0.664062 0.510417 0.018750 0.070833
0 0.692969 0.509375 0.014063 0.064583
0 0.710938 0.509375 0.031250 0.085417
0 0.982812 0.492708 0.028125 0.127083
0 0.920312 0.497917 0.021875 0.066667
0 0.892188 0.505208 0.025000 0.064583
0 0.819531 0.497917 0.029687 0.083333
0 0.863281 0.491667 0.023438 0.075000
1 0.863281 0.510417 0.020313 0.066667
1 0.816406 0.514583 0.020313 0.070833
1 0.709375 0.529167 0.021875 0.075000
2 0.175000 0.528125 0.343750 0.368750
2 0.766406 0.515625 0.051562 0.047917
