0 0.078906 0.493750 0.054688 0.237500
0 0.734375 0.469792 0.156250 0.431250
0 0.807031 0.461458 0.123438 0.322917
0 0.916406 0.519792 0.054688 0.218750
0 0.276562 0.514583 0.028125 0.120833
0 0.304688 0.513542 0.012500 0.064583
0 0.472656 0.518750 0.017188 0.075000
0 0.505469 0.516667 0.014063 0.054167
0 0.425000 0.518750 0.009375 0.050000
0 0.414844 0.520833 0.014063 0.054167
0 0.335938 0.515625 0.012500 0.031250
0 0.350000 0.514583 0.009375 0.037500
0 0.361719 0.514583 0.010937 0.041667
0 0.371875 0.516667 0.009375 0.037500
1 0.734375 0.591667 0.303125 0.225000
1 0.884375 0.588542 0.165625 0.227083
