1 0.312500 0.468750 0.037500 0.058333
1 0.344531 0.470833 0.020313 0.041667
1 0.382031 0.467708 0.014063 0.039583
1 0.400781 0.473958 0.010937 0.047917
1 0.445312 0.472917 0.037500 0.045833
0 0.502344 0.478125 0.032813 0.122917
0 0.525781 0.467708 0.032813 0.185417
0 0.552344 0.479167 0.023438 0.108333
0 0.585938 0.476042 0.034375 0.185417
0 0.617969 0.484375 0.054688 0.202083
0 0.660156 0.475000 0.042188 0.216667
0 0.724219 0.475000 0.082812 0.216667
0 0.792188 0.486458 0.059375 0.239583
0 0.925781 0.469792 0.017188 0.072917
