1 0.960156 0.543750 0.079687 0.229167
1 0.871875 0.521875 0.146875 0.160417
0 0.985156 0.433333 0.020313 0.045833
0 0.778906 0.501042 0.054688 0.214583
0 0.100000 0.498958 0.043750 0.131250
0 0.189062 0.486458 0.031250 0.135417
0 0.379688 0.461458 0.021875 0.072917
0 0.404687 0.434375 0.025000 0.085417
0 0.553125 0.428125 0.018750 0.093750
0 0.579688 0.429167 0.018750 0.070833
0 0.601562 0.409375 0.015625 0.052083
0 0.617969 0.413542 0.014063 0.047917
0 0.631250 0.422917 0.012500 0.062500
0 0.665625 0.405208 0.018750 0.047917
0 0.696875 0.463542 0.028125 0.122917
0 0.682813 0.405208 0.012500 0.031250
0 0.647656 0.413542 0.010937 0.027083
