2 0.146094 0.576042 0.289062 0.314583
2 0.266406 0.523958 0.129688 0.218750
2 0.337500 0.483333 0.112500 0.162500
2 0.556250 0.462500 0.071875 0.054167
2 0.502344 0.456250 0.035937 0.066667
0 0.025000 0.383333 0.021875 0.091667
0 0.080469 0.395833 0.026562 0.054167
0 0.106250 0.388542 0.025000 0.052083
0 0.137500 0.387500 0.028125 0.054167
0 0.425000 0.462500 0.028125 0.079167
0 0.463281 0.466667 0.026562 0.083333
0 0.485938 0.468750 0.015625 0.070833
0 0.544531 0.471875 0.017188 0.077083
0 0.566406 0.470833 0.020313 0.083333
